100
0.0 406.7875627337033 419.4065988064484 661.2881437054584 754.0142340302916 627.5029797213045 495.81922886412724 462.47814861934273 461.2614621880275 494.96364286319914 435.59594577203717 530.2859007857144 480.5901419570624 577.4756652944839 474.5898708126856 330.6908305164894 599.3278103911784 628.9090735809485 544.4035269172865 554.1979924869742 447.6236904551594 480.32127117485953 432.2832773984073 513.3550870052273 363.4243552894261 678.838800911251 296.7380376827623 548.8649869777619 294.7525980756916 409.01802809353836 401.52195641037537 689.9556292694294 639.6717664349312 579.567145645765 548.8649869777619 433.0732339634997 455.8808619914699 501.5816729835992 389.4274967984894 607.7616900288281 379.1241871248842 504.0516437974923 437.72732258227205 456.39131938022445 480.5901419570624 606.6336646546986 544.4035269172865 417.32504380540104 756.7512212749639 364.36616015938995 348.91059037872196 349.9565153260688 512.3267288788257 411.0280723886707 474.26395689383565 598.8175511983096 388.9460191283597 512.2487282310054 448.6398624719299 535.7934921338519 523.2900015802301 622.8504320296154 512.58355759005 514.177899270972 478.3816945207795 606.4055278457171 488.50145436326704 643.8982366371602 391.89860542715235 709.6210303114431 483.93214323474484 412.580482292583 636.7512318139536 410.3419376189268 373.62413466187746 443.3823235756972 533.8697187079608 524.8050424400373 501.07867217598897 351.86164280036894 611.601008355595 555.3338228851566 461.9219079824992 606.7334288695465 715.8354259982701 311.8740902646835 749.2485475236047 481.8374748204726 584.1881184492045 495.0628982322908 535.0095874251697 479.00287482861864 535.0095874251697 462.47814861934273 611.5381399786401 424.5168989921268 625.6673606285868 620.0341646824232 437.097478862114 299.70195631442385
406.7875627337033 0.0 426.34610414690843 544.4035269172865 364.36616015938995 387.36283675362927 433.7044220339973 440.9876295715814 520.6103046988219 495.0628982322908 426.34610414690843 552.4836406248992 475.1021214666754 542.7685863865589 466.85128698941037 322.8226582239398 508.7321942477498 579.567145645765 419.4065988064484 635.433807886719 536.1520563933068 510.02004739215494 584.8319923674189 416.1906997262183 508.81817165223936 396.70404942763116 687.834049941453 579.567145645765 509.5544667414685 585.6459389966648 374.1038630954463 485.63480107637065 424.5168989921268 404.29146839603777 526.7818519610103 391.32536616004444 596.7693033326691 599.3278103911784 433.44468877157794 533.23049647625 359.12941294211066 453.320833058124 523.3444890851168 377.88270411319706 405.43961368896987 386.7891684138849 436.78181562175183 480.32127117485953 558.1514991674696 399.2283763512308 468.3499012022563 507.32261561473814 421.4724931442264 414.97244263686747 501.5816729835992 566.8346098922137 611.9437147276452 665.2672000010807 619.8974373997424 356.587112946375 542.0377379415743 470.767593432834 280.8167050216318 410.99110258170487 703.0041508416327 514.8359925522878 567.7047182196363 665.2672000010807 379.1607819797912 503.90816912453624 493.9654056748538 471.8566385486854 533.8697187079608 483.93214323474484 398.07182205469996 619.8610903030086 610.9262036789944 518.2128690382526 669.8985594661123 422.7637010365231 324.5533554817056 531.3969425611699 312.2590673577962 508.81817165223936 554.2454480707383 601.276418900346 573.4028519885657 355.50705767348524 540.2564372614162 431.5948363250823 507.5732760049211 575.7595363226573 740.4838626600119 494.91236419105275 409.9552947224403 362.12363158760377 734.0617669906487 407.8679158864464 391.89860542715235 538.3244216573951
419.4065988064484 426.34610414690843 0.0 527.5871515090887 599.3278103911784 551.4433766354949 456.37662566259723 564.886931758409 437.0980963910848 474.4954938771246 397.0673175028436 491.20973272426886 352.74006945109505 472.2440225572958 299.70195631442385 485.6900893525847 565.3283746353575 348.91059037872196 480.5495028151237 474.4954938771246 646.2873008818588 413.9409260744434 488.50145436326704 520.6103046988219 596.3460908597781 515.4203231050434 448.3848673732596 599.9909127024782 294.7525980756916 614.0761277005067 432.0967163830186 372.66980885771824 420.43248560759355 622.972457405241 356.787132580278 569.2437551240208 495.0628982322908 543.3678197821175 503.6231117998651 596.8483597269494 625.7738825180697 441.8800860413205 370.58699564755125 610.6089579171125 523.2900015802301 527.6400231110017 226.4561484843137 428.29670910747694 554.6776203933011 551.7885137699615 585.7534452186635 383.2683930059423 726.5784086009186 476.9728345488259 547.6635205335579 568.1166857483872 485.3909128979698 498.40529497967765 536.3812823989792 462.15276051361144 399.1778721803162 384.20603625860525 441.8800860413205 499.2626986518859 581.851009171138 421.99990720194614 576.3146149649527 640.0339155680107 527.267532579722 489.8476644427703 389.98051264334276 430.19809883575266 585.7534452186635 667.8202977119178 456.3852942733822 527.243384905659 680.8382298812428 411.49249612666944 465.5429770005005 507.32261561473814 503.6231117998651 489.8476644427703 483.8110293256763 576.3146149649527 590.7149966649315 551.2725746070175 503.20477625453333 574.2956650983638 323.7169220259146 589.2251024942565 439.3744326757574 466.85128698941037 585.8567768263379 477.13090264417906 596.7693033326691 484.34509322205537 658.3737092710874 389.98051264334276 453.35380799007214 509.5544667414685
661.2881437054584 544.4035269172865 527.5871515090887 0.0 366.08223589166585 625.7738825180697 575.8255131050515 409.01802809353836 566.1898606258476 461.9219079824992 573.4440702367681 503.6231117998651 493.41830273692915 384.20603625860525 437.35382126434376 611.9275681692711 504.77065623164475 680.8382298812428 681.5351558515811 665.2672000010807 418.5455262779807 521.2823095541908 409.9552947224403 381.4839218519215 423.29733316811706 408.20609953189023 508.9475268847863 512.58355759005 505.19390342129674 207.46121345908313 384.8004073037498 328.6556067065876 342.98630687490345 413.1265015705948 445.57241571732067 613.6827491327247 596.5731880083738 330.6908305164894 364.68076934868816 461.1023899641137 748.0783999085135 546.8616117713226 495.7380877452349 608.7277030130911 560.1391406707211 784.3326781442443 396.70404942763116 419.9061146193262 888.7871285769943 478.99858886407134 508.7321942477498 503.6016808211739 547.6635205335579 627.3653468877412 597.7511122038093 439.75879093988664 403.7392142140904 429.68051273653555 709.6210303114431 452.4218032981184 478.3816945207795 715.9360304912234 499.01432531831114 447.6236904551594 495.02416389906244 576.8621344604476 499.01432531831114 703.0041508416327 666.0410868913982 438.4397467256953 363.099331843952 534.0239226311755 298.43058093311913 462.47814861934273 562.3700976625597 499.2626986518859 433.15742037549995 362.12363158760377 564.5216660916723 479.7667053756708 424.98066763944405 567.658756264169 599.5060461587294 562.269324976214 485.3909128979698 324.2044719040199 304.0329529526706 600.6623779803338 350.2867154626613 576.5418878104797 491.20973272426886 561.7432709334564 470.767593432834 456.37662566259723 495.81922886412724 530.0554679770895 590.1560230319994 587.2008595320572 472.66815487426686 653.3306963453085
754.0142340302916 364.36616015938995 599.3278103911784 366.08223589166585 0.0 519.5264003211604 379.3461277940565 298.43058093311913 424.5168989921268 518.6672573195701 639.2526703812729 628.6776370731005 421.0693865070778 518.3391120442695 529.1544881102225 498.01384352730656 607.7635844359831 569.1034421719918 540.8354822693178 450.1719340028095 498.91569319586694 341.8823234376594 289.5651638367417 355.09840145067284 468.49235098509916 549.112348693242 486.08833541263175 326.51218382034324 398.6004737835161 546.4107811746211 579.6658339719384 313.63983453070347 546.4402686404536 447.7119081302123 429.570957173951 432.30876257625266 408.20609953189023 483.1068807178032 512.437898180024 430.19809883575266 433.5023064075678 353.9192466726487 574.2956650983638 468.49235098509916 406.82663255135697 527.5871515090887 468.9948850955528 628.6776370731005 538.3244216573951 433.45069256114886 520.8869076333622 574.795785084297 514.8801486914514 562.5104998851511 521.8706834818139 480.10006456987054 516.4633430519884 456.67331078831114 622.460508160517 410.3419376189268 549.2542892569469 574.795785084297 567.702587225504 642.0237973732524 402.55800237119036 503.6231117998651 410.3419376189268 639.6717664349312 449.4859851386973 613.7356536383691 451.24973752792846 558.2918093737928 518.4732164546099 598.8175511983096 559.7476088065813 518.2128690382526 654.1681059008848 384.8004073037498 447.7119081302123 567.658756264169 584.8319923674189 558.7557438409009 408.54599445447167 519.5264003211604 555.3338228851566 586.3533121891928 479.3570283554864 585.8567768263379 512.3267288788257 456.32354028654925 630.3786850572135 544.683054600997 537.464431264206 359.12941294211066 622.560683417541 393.13677443848775 567.9496286527299 437.4022577262159 584.8319923674189 376.3145399022536
627.5029797213045 387.36283675362927 551.4433766354949 625.7738825180697 519.5264003211604 0.0 551.7885137699615 562.1535711517942 627.5029797213045 357.5415226013753 471.622244633775 548.7611530257077 680.8382298812428 732.9466690577053 422.222415412914 558.5290600403955 603.9473861137948 675.0812388441549 608.7295542457205 379.1607819797912 485.227831423353 681.5351558515811 411.0280723886707 342.22621315903484 406.7875627337033 489.8476644427703 642.0237973732524 596.8483597269494 441.6241977308251 495.36252769535474 608.7295542457205 424.5168989921268 536.3812823989792 540.3595139575207 531.3969425611699 402.55800237119036 381.1906408835696 543.8638089209127 356.787132580278 474.5898708126856 585.8567768263379 636.0090550447196 585.6459389966648 493.1095602294728 672.4424622721704 485.51745022943385 439.21026992555494 608.1182820437737 646.2873008818588 512.437898180024 570.1236147751431 447.7119081302123 410.3240282931298 286.09521156965917 356.587112946375 424.0850408000478 558.2918093737928 619.8610903030086 589.4292522859847 530.2595140802113 611.601008355595 548.32859592136 635.6812219603912 421.0693865070778 645.2513055220852 548.7611530257077 468.9948850955528 542.0377379415743 326.51218382034324 378.5770160013715 421.4724931442264 576.5418878104797 508.940915230214 546.2100033470456 505.9795323405561 382.08609803779507 421.99990720194614 650.8983400252815 715.9360304912234 387.94184478273553 587.3459969086047 411.49249612666944 689.2831237451514 784.3326781442443 613.7356536383691 390.4723326053043 468.3499012022563 589.2251024942565 454.72560938173405 456.32354028654925 573.4028519885657 452.4487463318963 582.9892159174537 541.9780749618925 642.0237973732524 701.3074163981267 423.5963521910917 411.49249612666944 666.0410868913982 495.0628982322908
495.81922886412724 433.7044220339973 456.37662566259723 575.8255131050515 379.3461277940565 551.7885137699615 0.0 558.4692127192659 611.601008355595 459.71917353870464 571.5834154491458 396.69625619673195 418.5455262779807 478.99858886407134 601.5507648517212 450.1719340028095 302.0623404311265 381.1906408835696 585.8567768263379 448.6398624719299 620.0341646824232 448.6398624719299 447.6236904551594 381.1906408835696 449.1200301086639 583.1817341947364 483.1068807178032 455.57325562210787 437.72732258227205 597.7511122038093 478.1760636208747 562.3700976625597 547.6635205335579 537.464431264206 536.1520563933068 324.12064944359196 606.4235223421649 456.34192819031034 480.27174119590785 536.8108687133663 540.8354822693178 502.8605045878807 650.8983400252815 434.3856696114837 397.0673175028436 363.099331843952 357.5415226013753 333.50801648607194 386.76925163659075 575.7595363226573 601.494436271074 647.6831643800484 612.7324429939396 404.3024752686313 533.23049647625 498.29240493659955 410.3240282931298 573.3543825513907 448.3848673732596 425.7297310367118 696.1148310738045 422.29436003218666 537.3920231560198 531.370877965189 452.1820323809693 507.3379721062179 440.9876295715814 582.5455770734787 599.5060461587294 459.3634797535581 533.4426149049042 603.9473861137948 422.15589191813456 561.459180551753 658.3737092710874 591.4509923374155 384.8004073037498 421.4883147040442 520.9251393573711 687.834049941453 436.90416789023664 498.5365522258862 365.50252357875263 532.5910018464856 689.2831237451514 387.36283675362927 409.9552947224403 636.0090550447196 471.1339644339305 722.5218190599162 523.6209006253849 444.3137025316993 282.19149214641726 587.3459969086047 532.6745233635436 600.6623779803338 426.34610414690843 377.88270411319706 458.93995737929424 501.16279847337717
462.47814861934273 440.9876295715814 564.886931758409 409.01802809353836 298.43058093311913 562.1535711517942 558.4692127192659 0.0 391.6812898633396 571.4422893783852 437.0980963910848 461.1023899641137 564.886931758409 540.8354822693178 548.8337088427454 401.52195641037537 587.2008595320572 573.4464977111388 567.702587225504 384.20603625860525 516.8124948498995 455.31130304412505 514.8801486914514 381.1906408835696 503.86110362151766 591.4509923374155 493.04141745901995 537.3920231560198 525.4898353818631 367.59489856005865 547.6635205335579 358.98238611356555 485.5449519128091 635.7631412886666 403.5467393158401 472.9657255408732 571.4422893783852 608.7277030130911 405.43961368896987 619.8947634847549 404.2768665492597 374.1038630954463 434.3045785635851 473.8480545085305 348.91059037872196 576.5418878104797 683.9192353433895 583.1817341947364 540.3595139575207 508.38169101704375 578.340131424687 566.1898606258476 512.8976045788777 422.15589191813456 512.5887804577454 635.3340170193105 379.83130892442455 498.5365522258862 442.70199033515325 362.1068261559798 530.1125931530606 611.5381399786401 483.93214323474484 537.923761530787 562.5104998851511 560.1391406707211 430.08894120214836 472.9657255408732 576.5418878104797 485.3909128979698 327.6542090691036 356.787132580278 564.5216660916723 384.89621428698183 353.9192466726487 423.29733316811706 585.8567768263379 402.55800237119036 662.6300419082384 536.1520563933068 616.6567379951099 521.2823095541908 644.3818329916764 544.1787616627739 348.4441158550359 561.7459968887822 540.2564372614162 477.8724775043209 456.3852942733822 409.58594246352783 573.4440702367681 341.8823234376594 584.1881184492045 382.08609803779507 424.5168989921268 478.8587789919305 419.4065988064484 512.437898180024 538.8356748317004 456.67331078831114
461.2614621880275 520.6103046988219 437.0980963910848 566.1898606258476 424.5168989921268 627.5029797213045 611.601008355595 391.6812898633396 0.0 495.0628982322908 508.81817165223936 498.06069518363097 577.4756652944839 304.0329529526706 573.4028519885657 501.42579909876423 320.0120375057046 571.5834154491458 514.0043825214141 707.7449471953746 391.6812898633396 331.66789584584916 391.32536616004444 509.5544667414685 587.2008595320572 573.4028519885657 384.8004073037498 500.2758131854647 612.4246979293339 419.9061146193262 380.7679254602883 432.71920008433693 485.6052279349749 611.601008355595 479.9668289517372 378.5770160013715 355.09840145067284 508.81817165223936 388.9460191283597 558.5290600403955 707.7449471953746 455.5477814748032 411.49249612666944 403.1773245425312 298.43058093311913 585.7534452186635 549.2542892569469 384.9529683968673 554.6776203933011 687.834049941453 608.1182820437737 351.86164280036894 447.6236904551594 415.1571208718799 324.5533554817056 526.0674332190297 501.07867217598897 456.34192819031034 454.548615830232 512.2487282310054 521.2823095541908 401.59378214811306 578.340131424687 599.3278103911784 506.5784669143758 612.8311193530061 379.83130892442455 505.9503497967288 554.2454480707383 517.812331454606 461.9219079824992 485.6900893525847 340.0883770543428 585.7534452186635 494.91236419105275 533.4426149049042 495.02416389906244 352.74006945109505 632.5030408562502 442.70199033515325 629.2909665951128 473.8480545085305 722.5218190599162 605.984651424258 559.7476088065813 541.9780749618925 444.25806035924296 298.5241150003066 378.5770160013715 577.3624875362191 513.5014050363463 404.2308439310639 504.51451469006685 388.9260984240234 355.09840145067284 478.8587789919305 461.06716518446467 521.4560526670735 488.67877978361287 391.6812898633396
494.96364286319914 495.0628982322908 474.4954938771246 461.9219079824992 518.6672573195701 357.5415226013753 459.71917353870464 571.4422893783852 495.0628982322908 0.0 495.36252769535474 297.37754070426183 514.0043825214141 386.1772356146362 596.7693033326691 584.8319923674189 548.8337088427454 569.1951173479249 532.6745233635436 597.7511122038093 494.30823841007015 543.469009446844 530.2595140802113 298.43058093311913 416.1906997262183 559.0968291170077 543.8638089209127 502.39562244961286 421.2623085418582 630.8618783092753 399.0601868573493 386.90271343573727 460.0811202462374 397.44979660371854 554.1979924869742 440.4790258573007 432.30876257625266 579.6921559840221 478.99858886407134 571.5834154491458 484.34509322205537 412.33695344169695 541.9780749618925 461.05988933207186 328.6556067065876 415.860248758524 561.7432709334564 512.6052961088892 534.0239226311755 644.604159640727 580.2132957284128 561.8075741568074 433.44468877157794 340.47034207081776 548.1634805924901 384.89621428698183 675.0352696659697 422.7637010365231 612.6980349921 498.01384352730656 572.3073335476979 432.2832773984073 665.8903352605279 596.7693033326691 544.7121329848629 494.96364286319914 356.787132580278 396.32505405793455 551.8646085688422 544.7121329848629 433.7044220339973 419.579221472433 408.54599445447167 715.9360304912234 472.66815487426686 498.06069518363097 430.19809883575266 411.6578466905405 530.1125931530606 601.494436271074 448.09846150112867 382.06250214341367 691.6922364356917 353.9834064686203 635.6812219603912 468.49235098509916 404.38140598076035 401.52195641037537 556.0996205234117 518.3391120442695 557.2030723446912 662.0169429687826 608.1182820437737 389.46201326781284 494.96364286319914 363.21475893108436 461.2614621880275 495.02416389906244 481.2050688560422 379.1241871248842
435.59594577203717 426.34610414690843 397.0673175028436 573.4440702367681 639.2526703812729 471.622244633775 571.5834154491458 437.0980963910848 508.81817165223936 495.36252769535474 0.0 546.4402686404536 560.3075809243667 549.112348693242 430.19809883575266 431.20801918877453 607.7635844359831 372.23691819470764 574.5932936811839 625.8187537123863 437.0980963910848 607.7635844359831 523.5363530654437 324.5533554817056 479.50365337150663 553.5911417656299 422.222415412914 486.01790872855656 607.3344450807308 546.5604784353173 363.099331843952 424.0850408000478 493.04141745901995 619.117292022687 635.6812219603912 573.3543825513907 404.48209975976766 725.469205270678 421.2623085418582 425.7297310367118 494.30823841007015 526.7818519610103 518.6672573195701 523.3444890851168 672.4424622721704 426.5326641179828 340.159553128266 514.7835977713588 397.0673175028436 552.5640931997549 422.29436003218666 576.3327324426989 379.1607819797912 399.0601868573493 434.3856696114837 501.9360570352298 389.4274967984894 533.4426149049042 473.2866790180947 402.55800237119036 533.8697187079608 501.59193235494416 411.0280723886707 597.7511122038093 468.9948850955528 436.4069719711574 333.50801648607194 535.7934921338519 647.6831643800484 689.9556292694294 438.49257762130566 311.8740902646835 587.3459969086047 399.0601868573493 637.7705614654351 432.30876257625266 402.55800237119036 507.32261561473814 564.5216660916723 590.3151035455953 543.8638089209127 563.1945473550124 418.5455262779807 379.1241871248842 558.4692127192659 560.1391406707211 504.77065623164475 662.6300419082384 585.6459389966648 311.8740902646835 411.0280723886707 548.8337088427454 363.4243552894261 503.78077932388 411.75706982821566 430.5465542871318 386.1772356146362 390.89516398321933 565.3283746353575 584.8319923674189
530.2859007857144 552.4836406248992 491.20973272426886 503.6231117998651 628.6776370731005 548.7611530257077 396.69625619673195 461.1023899641137 498.06069518363097 297.37754070426183 546.4402686404536 0.0 456.34192819031034 372.5481598400619 619.9710549383983 534.0239226311755 417.05012668551245 548.8649869777619 294.7525980756916 534.1673253156862 543.3678197821175 587.9633152444939 456.37662566259723 480.10006456987054 608.7295542457205 585.7534452186635 512.6052961088892 481.8374748204726 370.58699564755125 569.5558290981237 625.7738825180697 550.0895381932636 421.4883147040442 639.2526703812729 520.8214850847604 481.14836894830546 551.4433766354949 363.21475893108436 564.5216660916723 404.2670847893651 466.85128698941037 501.07867217598897 696.1148310738045 628.6975989104458 568.1166857483872 627.5029797213045 580.1715615059117 459.3634797535581 587.3459969086047 413.1265015705948 613.6827491327247 524.8344844697987 372.66980885771824 560.3075809243667 465.4251583518224 298.5241150003066 495.7380877452349 540.3595139575207 709.6210303114431 546.4107811746211 635.7631412886666 495.62468160812637 569.2437551240208 411.52196450887476 502.8605045878807 572.3073335476979 628.218008955081 640.0339155680107 503.78077932388 689.2831237451514 412.66571473765396 499.7290116496004 364.36616015938995 514.8801486914514 424.4023190904057 707.7449471953746 459.71917353870464 533.4426149049042 541.9780749618925 523.3444890851168 575.7595363226573 740.4838626600119 340.0883770543428 514.1540090267575 666.0410868913982 272.8565087465888 333.50801648607194 544.7121329848629 598.8175511983096 330.6908305164894 390.8906312262542 530.9632902331887 473.8480545085305 312.2590673577962 552.5162705990882 495.36252769535474 505.9503497967288 358.98238611356555 448.06074479002706 576.2151405636658
480.5901419570624 475.1021214666754 352.74006945109505 493.41830273692915 421.0693865070778 680.8382298812428 418.5455262779807 564.886931758409 577.4756652944839 514.0043825214141 560.3075809243667 456.34192819031034 0.0 378.75814116099957 462.15276051361144 607.7635844359831 543.3678197821175 341.8823234376594 606.4235223421649 520.8869076333622 463.5684395966584 389.4274967984894 424.98066763944405 485.6052279349749 412.580482292583 422.29436003218666 547.6635205335579 396.69625619673195 590.1560230319994 459.08515770542795 611.9437147276452 529.1544881102225 591.4509923374155 564.1218996619388 355.50705767348524 475.9382044723586 433.7044220339973 543.3678197821175 546.8767411734422 590.7149966649315 684.8424489359469 247.2013706010543 482.65295914241824 324.5533554817056 756.7512212749639 538.8356748317004 523.3444890851168 439.55720575720306 382.08609803779507 587.9132172266773 439.41632517683274 318.45791491999285 402.6715177894805 501.07867217598897 503.20477625453333 422.15589191813456 491.4149000924632 483.0305226944464 476.9728345488259 570.6392384520054 513.3550870052273 582.9892159174537 501.07867217598897 542.5305448269152 532.6745233635436 564.1837918788948 444.3137025316993 534.0366749694231 503.6800204744371 644.3818329916764 453.2479384117627 422.66571606440306 507.81303928772087 675.0812388441549 627.5029797213045 492.4912372055128 611.9275681692711 433.0732339634997 391.32536616004444 353.6346580628659 435.59594577203717 340.159553128266 368.5762060784434 462.7310516550312 409.58594246352783 424.1522385438205 513.5014050363463 552.5640931997549 645.2513055220852 340.159553128266 388.9260984240234 546.5604784353173 573.4440702367681 425.7297310367118 601.5507648517212 610.9262036789944 600.6623779803338 536.1520563933068 294.7525980756916 401.52195641037537
577.4756652944839 542.7685863865589 472.2440225572958 384.20603625860525 518.3391120442695 732.9466690577053 478.99858886407134 540.8354822693178 304.0329529526706 386.1772356146362 549.112348693242 372.5481598400619 378.75814116099957 0.0 645.2513055220852 527.8408112677473 589.4292522859847 529.1544881102225 485.6052279349749 520.6103046988219 480.5495028151237 611.5381399786401 456.34192819031034 368.01092091774865 455.30181732747906 647.6831643800484 628.9090735809485 612.8311193530061 328.6556067065876 514.5836955655394 480.5495028151237 533.23049647625 613.3448943268653 607.7635844359831 601.494436271074 518.3391120442695 538.3244216573951 459.68688082732814 480.5495028151237 780.2613877783999 280.5575812690169 543.469009446844 630.3786850572135 483.93214323474484 589.4292522859847 304.0329529526706 541.9780749618925 485.6900893525847 501.59193235494416 784.3326781442443 533.4426149049042 577.4756652944839 480.32127117485953 404.38140598076035 312.7255073327648 498.1481213132757 351.10714993546503 675.0630215891605 546.4402686404536 524.8007837507641 387.94184478273553 411.0280723886707 715.8354259982701 455.57325562210787 567.0865548909865 546.8616117713226 552.5640931997549 442.01222729292215 637.7705614654351 588.2620056583233 558.6208293444846 576.3327324426989 544.4035269172865 508.940915230214 512.1848288194665 507.88814710253274 572.5403341565464 609.5818402190691 359.12941294211066 487.47000620168143 793.4232023594215 432.2832773984073 622.460508160517 503.90816912453624 522.0067414648062 613.3448943268653 472.66815487426686 381.1906408835696 576.5418878104797 606.4235223421649 562.1535711517942 638.8127813827898 680.8382298812428 323.7169220259146 532.6745233635436 445.8604277305446 298.43058093311913 503.6016808211739 498.01384352730656 399.2283763512308
474.5898708126856 466.85128698941037 299.70195631442385 437.35382126434376 529.1544881102225 422.222415412914 601.5507648517212 548.8337088427454 573.4028519885657 596.7693033326691 430.19809883575266 619.9710549383983 462.15276051361144 645.2513055220852 0.0 390.4723326053043 424.98066763944405 512.1848288194665 520.9251393573711 439.41632517683274 486.9381734510123 484.56095506599894 749.1874129912057 401.59378214811306 451.24973752792846 571.4422893783852 556.4313652716735 422.7637010365231 404.3024752686313 516.4633430519884 567.658756264169 372.3177065833614 405.43961368896987 611.601008355595 372.23691819470764 442.70199033515325 592.352905105944 551.4433766354949 483.1068807178032 483.8110293256763 501.5816729835992 577.0817444432688 420.43248560759355 411.0280723886707 580.2132957284128 498.80746062004454 484.80435903626704 448.3848673732596 625.8187537123863 493.43934648462255 498.06069518363097 530.9632902331887 539.6315953411352 378.75814116099957 515.4203231050434 366.08223589166585 506.5784669143758 487.4656879915315 523.5363530654437 606.7334288695465 601.5507648517212 491.4149000924632 567.9496286527299 447.6236904551594 596.8483597269494 600.6414164211965 606.4055278457171 362.1068261559798 412.580482292583 555.6980464247401 481.14836894830546 587.2008595320572 603.8768699278297 579.6921559840221 415.1571208718799 459.3634797535581 534.0366749694231 544.7121329848629 342.7999306763626 498.80746062004454 530.2859007857144 498.1481213132757 449.1200301086639 387.36283675362927 536.1520563933068 399.2283763512308 382.06250214341367 486.9381734510123 355.50705767348524 488.50145436326704 732.9466690577053 326.51218382034324 405.9666538320717 403.1773245425312 364.09796033024736 542.0377379415743 480.10006456987054 653.3306963453085 453.2470691443219 302.0623404311265
330.6908305164894 322.8226582239398 485.6900893525847 611.9275681692711 498.01384352730656 558.5290600403955 450.1719340028095 401.52195641037537 501.42579909876423 584.8319923674189 431.20801918877453 534.0239226311755 607.7635844359831 527.8408112677473 390.4723326053043 0.0 417.3666629179229 481.9141020495149 696.1148310738045 483.1439949340638 498.29240493659955 460.6985293002786 754.0142340302916 368.5762060784434 414.4851852835849 596.8483597269494 348.91059037872196 543.469009446844 501.99866457303807 512.6052961088892 341.4822875368027 630.2332131602354 483.1439949340638 311.8740902646835 428.29670910747694 447.6236904551594 547.6635205335579 475.1021214666754 492.1582457085242 454.548615830232 630.3101184555458 366.08223589166585 518.4732164546099 384.3180281109553 596.8483597269494 453.2470691443219 560.3075809243667 464.72294903902485 380.7679254602883 587.3459969086047 364.56748072885637 463.0347073172521 411.52196450887476 472.2440225572958 542.7685863865589 567.4349570795181 601.276418900346 351.86164280036894 445.8604277305446 561.8932605829995 547.6635205335579 550.0895381932636 624.3435335103716 384.8004073037498 597.7511122038093 562.5104998851511 439.3744326757574 583.1817341947364 553.0549531276854 722.0088750160842 495.62468160812637 488.7916123509974 567.0865548909865 888.7871285769943 409.01802809353836 388.9460191283597 448.09846150112867 547.6038220911491 376.2102849670454 613.8837686375041 379.1241871248842 456.37662566259723 584.1881184492045 404.2768665492597 675.0630215891605 453.7160911051935 462.25170684327463 535.7934921338519 406.7875627337033 386.76925163659075 461.6654021478171 479.9668289517372 507.3379721062179 435.59594577203717 445.57241571732067 523.3444890851168 608.7295542457205 566.8346098922137 573.4440702367681 585.972486372913
599.3278103911784 508.7321942477498 565.3283746353575 504.77065623164475 607.7635844359831 603.9473861137948 302.0623404311265 587.2008595320572 320.0120375057046 548.8337088427454 607.7635844359831 417.05012668551245 543.3678197821175 589.4292522859847 424.98066763944405 417.3666629179229 0.0 528.3515198710016 357.14835736459156 384.20603625860525 320.0120375057046 547.2500780026252 421.14059037030177 540.2564372614162 613.6827491327247 445.8604277305446 267.0359098395918 535.9862041520583 514.5836955655394 485.5449519128091 382.08609803779507 324.27448477450537 601.494436271074 430.08894120214836 574.867772108498 527.243384905659 384.9529683968673 498.06069518363097 435.42032055428575 366.08223589166585 366.08223589166585 658.3737092710874 373.62413466187746 584.8319923674189 538.8007525826822 424.0850408000478 455.31130304412505 411.75706982821566 455.30181732747906 479.00287482861864 488.50145436326704 299.70195631442385 322.8226582239398 463.5684395966584 523.3444890851168 404.38140598076035 505.9503497967288 456.37662566259723 530.2859007857144 411.49249612666944 350.6054305218257 508.81817165223936 417.61357396312275 503.20477625453333 444.88090787701304 323.9245001996509 540.8354822693178 556.0996205234117 369.85409083162966 389.4274967984894 471.8566385486854 619.117292022687 433.44468877157794 514.0043825214141 812.0910439447466 410.3240282931298 527.243384905659 530.5252321138345 518.4732164546099 644.604159640727 548.1634805924901 479.3570283554864 451.43994072720216 536.8108687133663 368.01092091774865 572.3073335476979 784.3326781442443 379.83130892442455 551.2725746070175 530.9632902331887 377.88270411319706 548.8649869777619 444.7542300884671 327.6249139090889 483.1439949340638 413.9409260744434 486.01790872855656 499.7290116496004 503.7298797109124 226.78556383651784
628.9090735809485 579.567145645765 348.91059037872196 680.8382298812428 569.1034421719918 675.0812388441549 381.1906408835696 573.4464977111388 571.5834154491458 569.1951173479249 372.23691819470764 548.8649869777619 341.8823234376594 529.1544881102225 512.1848288194665 481.9141020495149 528.3515198710016 0.0 546.8767411734422 608.1182820437737 715.8354259982701 503.20477625453333 384.89621428698183 418.10630077017873 344.85726976868295 460.6985293002786 530.2859007857144 574.867772108498 381.1906408835696 421.03570645731156 411.6578466905405 448.6958801998768 410.3240282931298 512.437898180024 640.0339155680107 404.2768665492597 512.437898180024 552.5640931997549 445.8604277305446 369.2024578622675 486.01790872855656 580.2132957284128 389.46201326781284 282.19149214641726 606.4055278457171 491.20973272426886 600.8128550565903 364.68076934868816 520.2602208300875 658.780592491796 422.7637010365231 362.1068261559798 324.12064944359196 534.5813122487417 561.431081046769 444.25806035924296 388.9260984240234 586.4240384017139 503.86110362151766 468.9948850955528 546.2100033470456 460.0811202462374 493.41830273692915 396.70404942763116 491.2994647273847 447.7119081302123 430.89312600077255 450.9547629289776 378.75814116099957 409.01802809353836 565.1007980994506 535.0095874251697 530.1125931530606 540.8354822693178 374.1038630954463 624.6321971039738 546.2100033470456 512.58355759005 499.19531083225684 365.50252357875263 417.05012668551245 442.01222729292215 376.2102849670454 573.4440702367681 472.2440225572958 548.8649869777619 453.320833058124 390.4723326053043 386.76925163659075 437.0980963910848 351.10714993546503 493.1095602294728 473.2866790180947 431.1352206714881 628.9090735809485 505.19390342129674 340.0883770543428 379.83130892442455 480.27174119590785 486.9381734510123
544.4035269172865 419.4065988064484 480.5495028151237 681.5351558515811 540.8354822693178 608.7295542457205 585.8567768263379 567.702587225504 514.0043825214141 532.6745233635436 574.5932936811839 294.7525980756916 606.4235223421649 485.6052279349749 520.9251393573711 696.1148310738045 357.14835736459156 546.8767411734422 0.0 491.2994647273847 686.4063653402957 646.8379303108691 675.0812388441549 571.5834154491458 327.6542090691036 665.8903352605279 542.7685863865589 441.06253587074974 449.4859851386973 546.4402686404536 550.2368989167172 387.36283675362927 487.4656879915315 530.0554679770895 493.9654056748538 412.66571473765396 393.13677443848775 579.6921559840221 554.1296121641215 312.7255073327648 494.30823841007015 621.8384785081103 436.78181562175183 554.1979924869742 282.19149214641726 433.15742037549995 507.81303928772087 564.1218996619388 512.58355759005 560.1391406707211 408.54599445447167 425.6555649208585 485.6052279349749 611.9275681692711 495.7380877452349 326.90841739297986 428.29670910747694 460.6985293002786 567.658756264169 596.6809617019459 369.85409083162966 483.0153589009657 578.3352516388716 541.9780749618925 391.89860542715235 478.3816945207795 596.3460908597781 530.5252321138345 658.3737092710874 357.14835736459156 390.4723326053043 501.42579909876423 580.1715615059117 350.6054305218257 561.431081046769 544.1787616627739 432.30876257625266 561.431081046769 469.22904341738183 424.5168989921268 424.1522385438205 433.15742037549995 606.7334288695465 565.3283746353575 515.6215323209775 546.8616117713226 397.44979660371854 391.6812898633396 474.26395689383565 433.5023064075678 416.1906997262183 358.98238611356555 401.59378214811306 628.9090735809485 586.4240384017139 477.13090264417906 562.5104998851511 578.340131424687 421.4724931442264 508.9475268847863
554.1979924869742 635.433807886719 474.4954938771246 665.2672000010807 450.1719340028095 379.1607819797912 448.6398624719299 384.20603625860525 707.7449471953746 597.7511122038093 625.8187537123863 534.1673253156862 520.8869076333622 520.6103046988219 439.41632517683274 483.1439949340638 384.20603625860525 608.1182820437737 491.2994647273847 0.0 734.0617669906487 565.4176355437372 569.1034421719918 577.0817444432688 462.47814861934273 596.3460908597781 442.01222729292215 644.3818329916764 341.8823234376594 542.5305448269152 324.5533554817056 580.2281045783892 548.8337088427454 289.5651638367417 501.42579909876423 421.0693865070778 404.3024752686313 421.99990720194614 600.6414164211965 419.579221472433 578.3352516388716 469.22904341738183 639.6717664349312 510.69287378813294 341.07105767109704 351.10714993546503 477.13090264417906 580.2132957284128 532.5910018464856 607.3344450807308 621.8384785081103 532.6745233635436 550.0895381932636 456.32354028654925 438.4397467256953 372.8494666909248 377.88270411319706 459.08515770542795 456.3852942733822 368.5762060784434 433.0732339634997 540.2564372614162 535.0095874251697 439.3744326757574 564.1218996619388 458.93995737929424 430.89312600077255 463.5684395966584 519.5264003211604 479.7667053756708 437.0980963910848 574.5932936811839 574.2956650983638 546.5604784353173 491.4149000924632 448.6398624719299 734.0617669906487 546.8767411734422 484.80435903626704 604.6495198270966 540.2564372614162 508.3875481329496 444.25806035924296 527.6400231110017 535.7934921338519 389.98051264334276 531.370877965189 485.51745022943385 503.78077932388 320.0120375057046 421.2623085418582 388.9460191283597 327.6542090691036 625.6787067862595 345.8069128649853 566.8346098922137 632.5030408562502 540.8354822693178 451.43994072720216 422.26869552272586
447.6236904551594 536.1520563933068 646.2873008818588 418.5455262779807 498.91569319586694 485.227831423353 620.0341646824232 516.8124948498995 391.6812898633396 494.30823841007015 437.0980963910848 543.3678197821175 463.5684395966584 480.5495028151237 486.9381734510123 498.29240493659955 320.0120375057046 715.8354259982701 686.4063653402957 734.0617669906487 0.0 494.96364286319914 415.1571208718799 474.5898708126856 379.1607819797912 502.8605045878807 488.66073582015474 425.6555649208585 546.8767411734422 437.097478862114 520.6103046988219 468.3499012022563 478.1760636208747 600.6414164211965 404.29146839603777 286.09521156965917 499.19531083225684 513.3550870052273 298.43058093311913 524.8007837507641 514.177899270972 756.7512212749639 607.7616900288281 574.867772108498 502.8605045878807 562.269324976214 449.4859851386973 518.2128690382526 614.0761277005067 640.0339155680107 443.3823235756972 404.2308439310639 574.795785084297 740.4838626600119 445.8604277305446 551.4433766354949 351.86164280036894 436.89377091640046 412.580482292583 362.12363158760377 437.097478862114 517.2630969891082 369.85409083162966 650.8983400252815 544.683054600997 402.55800237119036 367.59489856005865 422.26869552272586 503.6077184997353 520.2602208300875 530.2595140802113 389.98051264334276 429.68051273653555 566.1898606258476 399.1778721803162 520.0233924845712 503.86110362151766 376.2102849670454 512.437898180024 441.38747414646593 419.4065988064484 348.61323984567485 550.2368989167172 532.5910018464856 495.62468160812637 433.44468877157794 630.3786850572135 500.2758131854647 525.0774510883845 546.5855583063507 481.2050688560422 547.2500780026252 393.4424939565437 479.50365337150663 428.21498727496584 607.7616900288281 386.03144342367636 521.2823095541908 404.80729787554026 402.55800237119036
480.32127117485953 510.02004739215494 413.9409260744434 521.2823095541908 341.8823234376594 681.5351558515811 448.6398624719299 455.31130304412505 331.66789584584916 543.469009446844 607.7635844359831 587.9633152444939 389.4274967984894 611.5381399786401 484.56095506599894 460.6985293002786 547.2500780026252 503.20477625453333 646.8379303108691 565.4176355437372 494.96364286319914 0.0 688.5471638387676 363.21475893108436 387.94184478273553 418.5455262779807 422.7637010365231 501.16279847337717 576.3146149649527 417.33717047165806 600.6623779803338 484.34509322205537 546.8616117713226 537.464431264206 581.851009171138 667.8202977119178 474.2164644329474 749.2485475236047 372.3177065833614 734.0617669906487 474.26395689383565 608.7295542457205 596.1940718026638 486.9141438117823 606.7334288695465 483.1439949340638 538.2019399445527 642.0237973732524 486.9381734510123 386.7891684138849 431.20801918877453 369.1131830687321 381.4839218519215 574.867772108498 590.8607302502769 715.8354259982701 415.1571208718799 572.8889430046307 605.984651424258 584.1881184492045 381.1906408835696 542.0377379415743 403.7392142140904 383.2683930059423 576.3146149649527 483.0153589009657 574.867772108498 512.1848288194665 715.8354259982701 546.4402686404536 482.3257436576722 599.9909127024782 412.66571473765396 461.06716518446467 703.0041508416327 384.20603625860525 689.9556292694294 437.35382126434376 478.8587789919305 756.7512212749639 552.5162705990882 280.5575812690169 688.5471638387676 421.03570645731156 624.6321971039738 272.8565087465888 327.6542090691036 628.9090735809485 548.7611530257077 495.62468160812637 550.2368989167172 514.177899270972 620.6031025506386 456.67331078831114 472.01583216354544 367.6927043701995 411.49249612666944 569.2437551240208 356.787132580278 425.6555649208585
